z<-.05
mu_1<-2110
sigma_1<-15
